1 3 4 2
2 4 6 5
3 7 8 4
4 8 9 6
7 10 11 8
8 11 12 9
12 13 14 9
9 14 15 6
6 15 16 5
13 17 18 14
15 19 20 16
17 21 22 18
18 22 23 19
19 23 24 20
25 27 28 26
26 28 30 29
29 30 32 31
31 32 34 33
33 34 36 35
27 37 38 28
28 38 39 30
30 39 40 32
32 40 41 34
34 41 42 36
43 45 46 44
44 46 48 47
47 48 27 25
45 49 50 46
46 50 51 48
48 51 37 27
42 52 53 36
36 53 54 35
52 55 56 53
53 56 57 54
58 60 61 59
59 61 63 62
60 57 56 61
61 56 55 63
64 66 67 65
65 67 69 68
66 70 71 67
67 71 72 69
70 73 74 71
71 74 75 72
73 58 59 74
74 59 62 75
76 78 79 77
77 79 81 80
78 82 83 79
79 83 84 81
82 85 86 83
83 86 87 84
85 88 89 86
86 89 90 87
88 91 92 89
89 92 93 90
91 55 52 92
92 52 42 93
21 95 96 94
94 96 98 97
95 99 100 96
96 100 101 98
99 95 103 102
102 103 105 104
104 105 107 106
95 21 17 103
103 17 13 105
105 13 12 107
108 110 111 109
109 111 113 112
110 97 98 111
111 98 101 113
108 109 115 114
114 115 117 116
109 112 118 115
115 118 119 117
64 65 121 120
120 121 123 122
122 123 125 124
124 125 127 126
126 127 129 128
65 68 130 121
121 130 131 123
123 131 132 125
125 132 133 127
127 133 134 129
43 135 136 45
45 136 137 49
138 140 141 139
139 141 136 135
140 142 143 141
141 143 137 136
135 116 144 139
139 144 145 138
146 148 149 147
147 149 151 150
150 151 153 152
152 153 155 154
154 155 140 138
148 156 157 149
149 157 158 151
151 158 159 153
153 159 160 155
155 160 142 140
161 99 102 162
162 102 104 163
163 104 106 164
116 117 165 144
144 165 166 145
117 119 167 165
165 167 168 166
164 169 170 163
163 170 171 162
162 171 172 161
169 173 174 170
170 174 175 171
171 175 176 172
177 179 180 178
178 180 182 181
179 183 184 180
180 184 185 182
183 186 187 184
184 187 188 185
186 189 190 187
187 190 191 188
189 168 167 190
190 167 119 191
80 156 148 192
192 148 146 193
193 194 195 192
192 195 77 80
194 196 197 195
195 197 76 77
196 198 199 197
197 199 200 76
198 201 202 199
199 202 203 200
203 202 205 204
204 205 207 206
206 207 208 134
202 201 209 205
205 209 210 207
207 210 211 208
134 208 212 129
129 212 213 128
208 211 214 212
212 214 215 213
176 175 217 216
216 217 219 218
175 174 220 217
217 220 221 219
174 173 222 220
220 222 223 221
177 178 216 218
178 181 176 216
193 224 225 194
194 225 226 196
224 227 228 225
225 228 229 226
227 230 231 228
228 231 232 229
230 233 234 231
231 234 235 232
236 238 239 237
237 239 209 201
238 240 241 239
239 241 210 209
240 242 243 241
241 243 211 210
242 244 245 243
243 245 214 211
244 246 247 245
245 247 215 214
218 219 249 248
248 249 251 250
219 221 252 249
249 252 253 251
221 223 254 252
252 254 255 253
256 258 259 257
257 259 261 260
260 261 263 262
262 263 265 264
264 265 254 223
258 266 267 259
259 267 268 261
261 268 269 263
263 269 270 265
265 270 255 254
266 271 272 267
267 272 273 268
268 273 274 269
269 274 275 270
270 275 276 255
271 277 278 272
272 278 279 273
273 279 280 274
274 280 281 275
275 281 282 276
283 285 286 284
284 286 288 287
287 288 276 282
285 250 251 286
286 251 253 288
288 253 255 276
289 291 292 290
290 292 294 293
293 294 296 295
291 297 298 292
292 298 299 294
294 299 300 296
301 283 303 302
302 303 305 304
301 302 307 306
306 307 309 308
308 309 311 310
310 311 313 312
312 313 315 314
302 304 316 307
307 316 317 309
309 317 318 311
311 318 319 313
313 319 320 315
295 296 322 321
321 322 324 323
296 300 325 322
322 325 326 324
305 303 328 327
327 328 330 329
329 330 332 331
303 283 284 328
328 284 287 330
330 287 282 332
300 333 334 325
325 334 335 326
333 336 337 334
334 337 338 335
339 341 342 340
341 233 343 342
343 344 345 342
342 345 346 340
344 347 348 345
345 348 349 346
347 350 351 348
348 351 352 349
350 353 354 351
351 354 355 352
353 356 357 354
354 357 358 355
233 341 359 234
234 359 360 235
341 339 361 359
359 361 362 360
363 365 366 364
364 366 298 297
365 367 368 366
366 368 299 298
367 336 333 368
368 333 300 299
235 360 370 369
369 370 364 297
360 362 371 370
370 371 363 364
331 372 373 329
329 373 374 327
327 374 375 305
372 376 377 373
373 377 378 374
374 378 379 375
380 382 383 381
381 383 385 384
382 386 387 383
383 387 388 385
386 389 390 387
387 390 391 388
389 392 393 390
390 393 394 391
392 338 337 393
393 337 336 394
362 361 396 395
395 396 398 397
397 398 400 399
399 400 402 401
401 402 404 403
403 404 406 405
361 339 407 396
396 407 408 398
398 408 409 400
400 409 410 402
402 410 411 404
404 411 412 406
413 415 416 414
414 416 315 320
415 417 418 416
416 418 314 315
419 421 422 420
420 422 424 423
421 413 414 422
422 414 320 424
425 426 415 413
426 356 417 415
379 378 428 427
378 377 429 428
377 376 430 429
356 426 431 357
357 431 432 358
426 425 433 431
431 433 434 432
427 428 436 435
435 436 438 437
428 429 439 436
436 439 440 438
429 430 441 439
439 441 442 440
437 443 444 435
435 444 445 427
443 446 447 444
444 447 448 445
449 450 433 425
450 451 434 433
419 420 453 452
452 453 447 446
420 423 454 453
453 454 448 447
455 457 458 456
456 458 459 442
457 460 461 458
458 461 462 459
460 463 464 461
461 464 465 462
442 459 466 440
440 466 467 438
438 467 468 437
459 462 469 466
467 470 471 468
462 465 472 469
469 472 473 470
470 473 474 471
449 475 476 450
450 476 477 451
475 478 479 476
476 479 480 477
478 481 482 479
479 482 483 480
380 381 485 484
484 485 487 486
486 487 489 488
488 489 491 490
381 384 492 485
485 492 493 487
487 493 494 489
489 494 495 491
481 496 497 482
482 497 498 483
496 499 500 497
497 500 501 498
499 502 503 500
500 503 504 501
502 505 506 503
503 506 507 504
505 508 509 506
506 509 412 507
412 509 510 406
406 510 511 405
509 508 512 510
510 512 513 511
490 491 515 514
514 515 511 513
491 495 516 515
515 516 405 511
14 18 19 15
466 469 470 467