3092.0000 -12972.8100
1898.8700 -12972.8100
3092.0000 -11782.1800
1898.8700 -11782.1800
705.7400 -12972.8100
705.7400 -11782.1800
3092.0000 -10591.5700
1898.8700 -10591.5700
705.7400 -10591.5700
3092.0000 -9400.9400
1898.8700 -9400.9400
705.7400 -9400.9400
470.4900 -9645.5100
470.4900 -10754.6100
470.4900 -11863.7100
470.4900 -12972.8100
235.2500 -9890.0600
235.2500 -10917.6500
235.2500 -11945.2400
235.2500 -12972.8100
0.0000 -10134.6300
0.0000 -11080.6900
0.0000 -12026.7500
0.0000 -12972.8100
-5765.7300 -11697.1300
-6349.6200 -11697.1300
-5920.1600 -11319.7200
-6471.5900 -11319.7200
-6933.5300 -11697.1300
-7022.9900 -11319.7200
-7517.4400 -11697.1300
-7574.4200 -11319.7200
-8101.3300 -11697.1300
-8125.8400 -11319.7200
-8685.2400 -11697.1300
-8677.2600 -11319.7200
-6074.6000 -10942.3100
-6593.5400 -10942.3100
-7112.4700 -10942.3100
-7631.3900 -10942.3100
-8150.3300 -10942.3100
-8669.2600 -10942.3100
-3828.2300 -9759.6300
-4474.0600 -10405.4800
-4357.6600 -9757.2200
-4878.4900 -10278.0600
-5119.8900 -11051.3000
-5399.3200 -10798.8900
-4887.1000 -9754.8100
-5282.9200 -10150.6500
-5678.7600 -10546.4800
-9043.6100 -10942.3100
-9049.5000 -11319.7200
-9055.3700 -11697.1300
-9417.9500 -10942.3100
-9421.7400 -11319.7200
-9425.5100 -11697.1300
-10763.8800 -11697.1300
-10682.8300 -11319.7200
-10094.6900 -11697.1300
-10052.2800 -11319.7200
-10601.7800 -10942.3100
-10009.8700 -10942.3100
-12546.0500 -9914.9700
-12169.5400 -9834.8900
-12100.5100 -10360.5100
-11797.8700 -10206.1000
-11793.0200 -9754.8100
-11495.2100 -10051.6900
-11654.9700 -10806.0500
-11426.1900 -10577.3000
-11197.4000 -10348.5600
-11209.4200 -11251.5900
-11054.5000 -10948.5200
-10899.6000 -10645.4300
-9417.9500 -7006.1800
-9043.6100 -7014.4300
-9417.9500 -7662.2000
-9043.6100 -7669.0700
-8669.2600 -7022.6500
-8669.2600 -7675.9300
-9417.9500 -8318.2300
-9043.6100 -8323.7200
-8669.2600 -8329.2000
-9417.9500 -8974.2500
-9043.6100 -8978.3700
-8669.2600 -8982.4900
-9417.9500 -9630.2700
-9043.6100 -9633.0100
-8669.2600 -9635.7600
-9417.9500 -10286.2900
-9043.6100 -10287.6600
-8669.2600 -10289.0300
-693.5400 -10134.6300
-490.4200 -9554.1000
-938.7500 -9655.6600
-1387.1000 -10134.6300
-1387.1000 -9757.2200
-980.8500 -8973.5600
-1183.9700 -9176.6900
-1387.1000 -9379.8100
-418.6500 -8973.5600
-91.7000 -9431.8100
143.5400 -8973.5600
307.0200 -9309.5300
705.7400 -8973.5600
705.7400 -9187.2600
-2951.3800 -10134.6300
-2795.1600 -9757.2200
-2169.2300 -10134.6300
-2091.1200 -9757.2200
-2638.9300 -9379.8100
-2013.0200 -9379.8100
-3653.0900 -9432.9300
-3442.8900 -9109.5000
-4354.8000 -8731.2300
-4090.6200 -8461.7800
-3232.6800 -8786.0600
-3826.4300 -8192.3100
-12546.0500 -9332.4500
-12169.3900 -9268.7700
-12546.0500 -8749.9100
-12169.2500 -8702.6400
-12546.0500 -8167.3900
-12169.1100 -8136.5100
-12546.0500 -7584.8600
-12168.9600 -7570.3900
-12546.0500 -7002.3400
-12168.8200 -7004.2600
-11792.7200 -9205.1000
-11792.4500 -8655.3700
-11792.1600 -8105.6400
-11791.8700 -7555.9100
-11791.5800 -7006.1800
-4605.7100 -8982.1500
-4870.7900 -9244.1000
-5135.8800 -9506.0300
-5138.0200 -8443.2400
-4871.8700 -8712.7000
-5402.9700 -8708.6100
-5136.8900 -8976.3500
-5667.9200 -8973.9900
-5401.9000 -9240.0100
-4622.6000 -8463.4300
-4890.4000 -8195.6200
-7326.4300 -6254.8100
-6888.7500 -6692.4900
-7472.8500 -6638.7300
-7058.8800 -7052.7100
-6451.0600 -7130.1900
-6644.9000 -7466.6800
-6013.3800 -7567.8700
-6230.9200 -7880.6600
-5575.7000 -8005.5600
-5816.9500 -8294.6300
-7619.2600 -7022.6500
-7229.0000 -7412.9200
-6838.7300 -7803.1800
-6448.4500 -8193.4500
-6058.2000 -8583.7100
-1606.7600 -8347.6400
-835.9400 -8347.6400
-65.0900 -8347.6400
705.7400 -8347.6400
-4357.1000 -8195.2900
-4623.5800 -7928.8100
-4091.6000 -7927.1600
-4356.7600 -7661.9900
705.7400 -7566.3900
-65.0900 -7566.3900
-835.9400 -7566.3900
-1606.7600 -7566.3900
705.7400 -6785.1400
-65.0900 -6785.1400
-835.9400 -6785.1400
-1606.7600 -6785.1400
-2013.0200 -5318.2400
-2013.0200 -5848.5600
-2481.7600 -5786.9900
-2428.7400 -6264.2900
-2013.0200 -6378.8900
-2375.7000 -6741.5800
-2950.5200 -6255.7400
-2844.4500 -6680.0000
-2738.3900 -7104.2700
-3419.2600 -6724.4900
-3260.1600 -7095.7200
-3101.0700 -7466.9500
-3888.0200 -7193.2400
-3675.8900 -7511.4300
-3463.7600 -7829.6400
-8443.9700 -6638.7300
-8218.6700 -6254.8100
-8726.2200 -6256.8700
-8884.9200 -6635.6400
-9233.7800 -6258.9300
-9325.8700 -6632.5600
-9921.2800 -6258.0800
-9966.3200 -6632.1300
-10011.3500 -7006.1800
-10608.7800 -6257.2200
-10606.7600 -6631.7000
-10604.7700 -7006.1800
-11000.3700 -7006.1800
-11001.6500 -6631.4600
-11395.9800 -7006.1800
-11396.5200 -6631.2100
-11791.4000 -6630.9700
-11002.9200 -6256.7300
-11397.0500 -6256.2400
-11791.2000 -6255.7600
-12168.7200 -6629.7800
-12546.0500 -6628.5700
-12168.6200 -6255.2800
-12546.0500 -6254.8100
-1419.2600 -6442.3100
-710.9400 -6400.5000
-1231.7600 -6099.4900
-585.9400 -6015.8400
-2.5900 -6358.6800
59.9100 -5932.2100
705.7400 -6316.8500
705.7400 -5848.5600
-8218.6700 -5661.0600
-8726.2200 -5662.1000
-9233.7800 -5663.1200
-8218.6700 -5067.3100
-8726.2200 -5067.3100
-9233.7800 -5067.3100
-8218.6700 -4473.5600
-8726.2200 -4472.5400
-9233.7800 -4471.5000
-8218.6700 -3879.8100
-8726.2200 -3877.7500
-9233.7800 -3875.6900
-10608.7800 -5220.6500
-10608.7800 -5738.9400
-11002.7600 -5262.2400
-11002.8400 -5759.4800
-11396.7400 -5303.8200
-11396.9000 -5780.0300
-11790.7200 -5345.4200
-11790.9500 -5800.5900
-12168.3900 -5385.2900
-12168.5000 -5820.2900
-12546.0500 -5425.1600
-12546.0500 -5839.9800
-715.6800 -5583.4100
-241.8800 -5541.5800
-199.6000 -5067.3100
102.1800 -5067.3100
231.9300 -5499.7600
403.9600 -5067.3100
705.7400 -5457.9300
705.7400 -5067.3100
5598.7800 -5848.5600
4620.1800 -5848.5600
5598.7800 -5457.9300
4620.1800 -5457.9300
3641.5700 -5848.5600
3641.5700 -5457.9300
2662.9600 -5848.5600
2662.9600 -5457.9300
1684.3400 -5848.5600
1684.3400 -5457.9300
5598.7800 -5067.3100
4620.1800 -5067.3100
3641.5700 -5067.3100
2662.9600 -5067.3100
1684.3400 -5067.3100
5598.7800 -4676.6900
4620.1800 -4676.6900
3641.5700 -4676.6900
2662.9600 -4676.6900
1684.3400 -4676.6900
705.7400 -4676.6900
5598.7800 -4286.0600
4620.1800 -4286.0600
3641.5700 -4286.0600
2662.9600 -4286.0600
1684.3400 -4286.0600
705.7400 -4286.0600
-1231.7600 -4035.1400
-585.9400 -4118.7900
-715.6800 -4551.2300
-241.8800 -4593.0500
59.9100 -4202.4300
231.9300 -4634.8800
-10608.7800 -4913.9900
-11002.7600 -4872.3900
-10608.7800 -4395.6900
-11002.8400 -4375.1400
-11396.7400 -4830.8000
-11396.9000 -4354.6000
-11790.7200 -4789.2200
-11790.9500 -4334.0500
-10608.7800 -3877.4000
-11002.9200 -3877.9000
-11397.0500 -3878.3900
-11791.2000 -3878.8800
-2013.0200 -4816.3900
-2013.0200 -4286.0600
-1419.2600 -3692.3100
-2013.0200 -3755.7400
-1606.7600 -3349.4900
-2481.7600 -4347.6400
-2428.7400 -3870.3500
-2950.5200 -3878.8900
-2844.4500 -3454.6400
-3419.2600 -3410.1400
-3260.1600 -3038.9100
-3888.0200 -2941.3900
-3675.8900 -2623.2000
-4356.7600 -2472.6400
-4091.6000 -2207.4800
-2375.7000 -3393.0500
-2738.3900 -3030.3700
-3101.0700 -2667.6800
-3463.7600 -2305.0000
-3826.4300 -1942.3100
-12168.3900 -4749.3500
-12168.5000 -4314.3500
-12546.0500 -4709.4800
-12546.0500 -4294.6500
-12168.6200 -3879.3500
-12546.0500 -3879.8100
-835.9400 -3349.4900
-710.9400 -3734.1300
-65.0900 -3349.4900
-2.5900 -3775.9600
705.7400 -3349.4900
705.7400 -3817.7800
-11791.4000 -3503.6700
-12168.7200 -3504.8600
-12546.0500 -3506.0600
-11791.5800 -3128.4500
-12168.8200 -3130.3700
-12546.0500 -3132.3000
-8669.2600 -3111.9900
-7619.2600 -3111.9900
-8443.9700 -3495.9000
-7472.8500 -3495.9000
-7326.4300 -3879.8100
-6888.7500 -3442.1300
-7058.8800 -3081.9300
-7229.0000 -2721.7100
-6451.0600 -3004.4400
-6644.9000 -2667.9400
-6838.7300 -2331.4600
-6013.3800 -2566.7600
-6230.9200 -2253.9700
-6448.4500 -1941.1800
-5575.7000 -2129.0800
-5816.9500 -1840.0000
-6058.2000 -1550.9100
-5138.0200 -1691.3900
-5402.9700 -1426.0100
-5667.9200 -1160.6500
-8884.9200 -3498.9800
-9325.8700 -3502.0800
-9043.6100 -3120.2100
-9417.9500 -3128.4500
-10604.7700 -3128.4500
-10606.7600 -3502.9300
-11000.3700 -3128.4500
-11001.6500 -3503.1800
-11395.9800 -3128.4500
-11396.5200 -3503.4200
-9921.2800 -3876.5400
-9966.3200 -3502.5100
-10011.3500 -3128.4500
705.7400 -2568.2490
-65.0900 -2568.2400
-835.9400 -2568.2400
-1606.7600 -2568.2400
705.7400 -1786.9900
-65.0900 -1786.9900
-835.9400 -1786.9900
-1606.7600 -1786.9900
-12546.0500 -219.6700
-12169.5400 -299.7500
-12546.0500 -802.1900
-12169.3900 -865.8600
-11793.0200 -379.8100
-11792.7200 -929.5400
-12546.0500 -1384.7300
-12169.2500 -1432.0000
-11792.4500 -1479.2700
-12546.0500 -1967.2400
-12169.1100 -1998.1300
-11792.1600 -2029.0000
-12546.0500 -2549.7800
-12168.9600 -2564.2400
-11791.8700 -2578.7300
-9417.9500 -2472.4300
-9043.6100 -2465.5600
-9417.9500 -1816.4100
-9043.6100 -1810.9200
-9417.9500 -1160.3900
-9043.6100 -1156.2700
-9417.9500 -504.3700
-9043.6100 -501.6200
-9417.9500 151.6700
-9043.6100 153.0300
-9417.9500 807.6900
-9043.6100 807.6900
-8669.2600 -2458.7100
-8669.2600 -1805.4300
-8669.2600 -1152.1500
-8669.2600 -498.8700
-8669.2600 154.4000
-8669.2600 807.6900
-4354.8000 -1403.4000
-4090.6200 -1672.8600
-4622.6000 -1671.2100
-4357.1000 -1939.3500
-4890.4000 -1939.0100
-4623.5800 -2205.8300
-2951.3800 0.0000
-2795.1600 -377.4000
-3653.0900 -701.6900
-3442.8900 -1025.1300
-2638.9300 -754.8100
-3232.6800 -1348.5600
-4605.7100 -1152.4800
-4871.8700 -1421.9400
-980.8500 -1161.0600
-418.6500 -1161.0600
143.5400 -1161.0600
705.7400 -1161.0600
-5136.8900 -1158.2800
-5401.9000 -894.6300
-4870.7900 -890.5300
-5135.8800 -628.5900
-490.4200 -580.5300
-91.7000 -702.8100
0.0000 0.0000
235.2500 -244.5600
307.0200 -825.0900
470.4900 -489.1300
705.7400 -947.3800
705.7400 -733.6900
-693.5400 0.0000
-938.7500 -478.9600
-1183.9700 -957.9300
-1387.1000 0.0000
-1387.1000 -377.4000
-1387.1000 -754.8100
-3828.2300 -374.9900
-4357.6600 -377.4000
-4887.1000 -379.8100
-2169.2300 0.0000
-2091.1200 -377.4000
-2013.0200 -754.8100
3092.0000 -733.6900
1898.8700 -733.6900
3092.0000 456.9400
1898.8700 456.9400
705.7400 456.9400
3092.0000 1647.5700
1898.8700 1647.5700
705.7400 1647.5700
3092.0000 2838.1900
1898.8700 2838.1900
705.7400 2838.1900
470.4900 619.9700
235.2500 783.0300
0.0000 946.0600
470.4900 1729.0700
235.2500 1810.7000
0.0000 1892.1200
470.4900 2838.1900
235.2500 2838.1900
0.0000 2838.1900
-4474.0600 270.8400
-4878.4900 143.4300
-5282.9200 16.0200
-5119.8900 916.6700
-5399.3200 664.2600
-5678.7600 411.8500
-5765.7300 1562.5100
-5920.1600 1185.1000
-6074.6000 807.6900
-12100.5100 225.8700
-11797.8700 71.4700
-11654.9700 671.4100
-11426.1900 442.6700
-11209.4200 1116.9500
-11054.5000 813.8800
-10763.8800 1562.5100
-10682.8300 1185.1000
-11495.2000 -82.9300
-11197.4000 213.9400
-10899.6000 510.8100
-10601.7800 807.6900
-6349.6200 1562.5100
-6471.5900 1185.1000
-6593.5400 807.6900
-6933.5300 1562.5100
-7022.9900 1185.1000
-7112.4700 807.6900
-7517.4400 1562.5100
-7574.4200 1185.1000
-7631.3900 807.6900
-8101.3300 1562.5100
-8125.8400 1185.1000
-8150.3300 807.7000
-8685.2300 1562.5100
-8677.2600 1185.1000
-9049.5000 1185.1000
-9421.7400 1185.1000
-9055.3700 1562.5100
-9425.5100 1562.5100
-10094.6900 1562.5100
-10052.2800 1185.1000
-10009.8700 807.6900